0.302716 0.024753 0.211274
0.302716 0.024753 0.211274
0.302716 0.024753 0.061019
0.302716 0.024753 0.061019
0.302716 0.000000 0.211274
0.302716 0.000000 0.211274
0.302716 0.000000 0.061019
0.302716 0.000000 0.061019
0.302704 0.024753 0.232412
0.302704 0.024753 0.232412
0.302704 0.024753 0.190135
0.302704 0.024753 0.190135
0.302704 0.024753 0.072897
0.302704 0.024753 0.072897
0.302704 0.024753 0.049141
0.302704 0.024753 0.049141
0.302704 0.000000 0.232412
0.302704 0.000000 0.232412
0.302704 0.000000 0.190135
0.302704 0.000000 0.190135
